O 162.162504
-75000000
-74706458
-74412916
-74119374
-73825832
-73532290
-73238748
-72945205
-72651663
-72358121
-72064579
-71771037
-71477495
-71183953
-70890411
-70596869
-70303327
-70009785
-69716243
-69422701
-69129159
-68835616
-68542074
-68248532
-67954990
-67661448
-67367906
-67074364
-66780822
-66487280
-66193738
-65900196
-65606654
-65313112
-65019569
-64726027
-64432485
-64138943
-63845401
-63551859
-63258317
-62964775
-62671233
-62377691
-62084149
-61790607
-61497065
-61203523
-60909980
-60616438
-60322896
-60029354
-59735812
-59442270
-59148728
-58855186
-58561644
-58268102
-57974560
-57681018
-57387476
-57093933
-56800391
-56506849
-56213307
-55919765
-55626223
-55332681
-55039139
-54745597
-54452055
-54158513
-53864971
-53571429
-53277886
-52984344
-52690802
-52397260
-52103718
-51810176
-51516634
-51223092
-50929550
-50636008
-50342466
-50048924
-49755382
-49461840
-49168297
-48874755
-48581213
-48287671
-47994129
-47700587
-47407045
-47113503
-46819961
-46526419
-46232877
-45939335
-45645793
-45352250
-45058708
-44765166
-44471624
-44178082
-43884540
-43590998
-43297456
-43003914
-42710372
-42416830
-42123288
-41829746
-41536204
-41242661
-40949119
-40655577
-40362035
-40068493
-39774951
-39481409
-39187867
-38894325
-38600783
-38307241
-38013699
-37720157
-37426614
-37133072
-36839530
-36545988
-36252446
-35958904
-35665362
-35371820
-35078278
-34784736
-34491194
-34197652
-33904110
-33610568
-33317025
-33023483
-32729941
-32436399
-32142857
-31849315
-31555773
-31262231
-30968689
-30675147
-30381605
-30088063
-29794521
-29500978
-29207436
-28913894
-28620352
-28326810
-28033268
-27739726
-27446184
-27152642
-26859100
-26565558
-26272016
-25978474
-25684932
-25391389
-25097847
-24804305
-24510763
-24217221
-23923679
-23630137
-23336595
-23043053
-22749511
-22455969
-22162427
-21868885
-21575342
-21281800
-20988258
-20694716
-20401174
-20107632
-19814090
-19520548
-19227006
-18933464
-18639922
-18346380
-18052838
-17759295
-17465753
-17172211
-16878669
-16585127
-16291585
-15998043
-15704501
-15410959
-15117417
-14823875
-14530333
-14236791
-13943249
-13649706
-13356164
-13062622
-12769080
-12475538
-12181996
-11888454
-11594912
-11301370
-11007828
-10714286
-10420744
-10127202
-9833659
-9540117
-9246575
-8953033
-8659491
-8365949
-8072407
-7778865
-7485323
-7191781
-6898239
-6604697
-6311155
-6017613
-5724070
-5430528
-5136986
-4843444
-4549902
-4256360
-3962818
-3669276
-3375734
-3082192
-2788650
-2495108
-2201566
-1908023
-1614481
-1320939
-1027397
 -733855
 -440313
 -146771
  146771
  440313
  733855
 1027397
 1320939
 1614481
 1908023
 2201566
 2495108
 2788650
 3082192
 3375734
 3669276
 3962818
 4256360
 4549902
 4843444
 5136986
 5430528
 5724070
 6017613
 6311155
 6604697
 6898239
 7191781
 7485323
 7778865
 8072407
 8365949
 8659491
 8953033
 9246575
 9540117
 9833659
10127202
10420744
10714286
11007828
11301370
11594912
11888454
12181996
12475538
12769080
13062622
13356164
13649706
13943249
14236791
14530333
14823875
15117417
15410959
15704501
15998043
16291585
16585127
16878669
17172211
17465753
17759295
18052838
18346380
18639922
18933464
19227006
19520548
19814090
20107632
20401174
20694716
20988258
21281800
21575342
21868885
22162427
22455969
22749511
23043053
23336595
23630137
23923679
24217221
24510763
24804305
25097847
25391389
25684932
25978474
26272016
26565558
26859100
27152642
27446184
27739726
28033268
28326810
28620352
28913894
29207436
29500978
29794521
30088063
30381605
30675147
30968689
31262231
31555773
31849315
32142857
32436399
32729941
33023483
33317025
33610568
33904110
34197652
34491194
34784736
35078278
35371820
35665362
35958904
36252446
36545988
36839530
37133072
37426614
37720157
38013699
38307241
38600783
38894325
39187867
39481409
39774951
40068493
40362035
40655577
40949119
41242661
41536204
41829746
42123288
42416830
42710372
43003914
43297456
43590998
43884540
44178082
44471624
44765166
45058708
45352250
45645793
45939335
46232877
46526419
46819961
47113503
47407045
47700587
47994129
48287671
48581213
48874755
49168297
49461840
49755382
50048924
50342466
50636008
50929550
51223092
51516634
51810176
52103718
52397260
52690802
52984344
53277886
53571429
53864971
54158513
54452055
54745597
55039139
55332681
55626223
55919765
56213307
56506849
56800391
57093933
57387476
57681018
57974560
58268102
58561644
58855186
59148728
59442270
59735812
60029354
60322896
60616438
60909980
61203523
61497065
61790607
62084149
62377691
62671233
62964775
63258317
63551859
63845401
64138943
64432485
64726027
65019569
65313112
65606654
65900196
66193738
66487280
66780822
67074364
67367906
67661448
67954990
68248532
68542074
68835616
69129159
69422701
69716243
70009785
70303327
70596869
70890411
71183953
71477495
71771037
72064579
72358121
72651663
72945205
73238748
73532290
73825832
74119374
74412916
74706458
75000000
